1.1.1	(-0.7433885841, 1.0166561509, -3.1008810889)	(-0.7435971479, 1.0173317995, -3.1003693011)	(-0.7429214993, 1.0175403634, -3.1008810889)	(-0.7427129354, 1.0168647147, -3.1013928766)
1.1.2	(-0.7421947547, 1.0177423818, -3.1002727699)	(-0.741569642, 1.0180728879, -3.1007840036)	(-0.7412391358, 1.0174477752, -3.1012952374)	(-0.7418642485, 1.017117269, -3.1007840036)
1.1.3	(-0.741402162, 1.0166977127, -3.101076609)	(-0.74069871, 1.0167695142, -3.1015885309)	(-0.7406269085, 1.0160660623, -3.1021004528)	(-0.7413303604, 1.0159942607, -3.1015885309)
1.1.4	(-0.7430691526, 1.0165145811, -3.1002638105)	(-0.7423651771, 1.0164481107, -3.1007754019)	(-0.7424316476, 1.0157441352, -3.1012869933)	(-0.743135623, 1.0158106056, -3.1007754019)
1.1.5	(-0.7436046461, 1.015232129, -3.1003773468)	(-0.742928259, 1.015025973, -3.1008870268)	(-0.743134415, 1.0143495859, -3.1013967068)	(-0.7438108021, 1.0145557419, -3.1008870268)
1.1.6	(-0.7445425001, 1.0158266254, -3.1005022671)	(-0.7439935527, 1.0153809165, -3.1010076722)	(-0.7444392617, 1.0148319691, -3.1015130774)	(-0.744988209, 1.0152776781, -3.1010076722)
1.1.7	(-0.744957123, 1.0168074636, -3.1004603136)	(-0.7443335562, 1.0164740502, -3.100967642)	(-0.7446669696, 1.0158504834, -3.1014749704)	(-0.7452905364, 1.0161838968, -3.100967642)

1.2.1	(-0.7448569873, 1.0280703765, -2.7707874333)	(-0.74433976, 1.027588219, -2.7712870967)	(-0.7448219174, 1.0270709917, -2.7717867601)	(-0.7453391448, 1.0275531492, -2.7712870967)
1.2.2	(-0.7435192577, 1.0276279304, -2.7714381819)	(-0.7428237972, 1.0275001223, -2.7719256408)	(-0.7429516053, 1.0268046618, -2.7724130996)	(-0.7436470658, 1.0269324699, -2.7719256408)
1.2.3	(-0.7442014013, 1.0269473805, -2.7714322887)	(-0.7435398184, 1.0266977641, -2.7719230274)	(-0.7437894348, 1.0260361811, -2.7724137662)	(-0.7444510178, 1.0262857976, -2.7719230274)
1.2.4	(-0.742589986, 1.0267910651, -2.7718847627)	(-0.7418941302, 1.0269167032, -2.7723670053)	(-0.7417684921, 1.0262208474, -2.7728492478)	(-0.7424643479, 1.0260952093, -2.7723670053)
1.2.5	(-0.7433475732, 1.02619709, -2.7722068771)	(-0.7426404666, 1.0261972024, -2.7726914296)	(-0.7426403542, 1.0254900958, -2.773175982)	(-0.7433474608, 1.0254899834, -2.7726914296)
1.2.6	(-0.7449241173, 1.0263083509, -2.7714285416)	(-0.7443191919, 1.0259422015, -2.7719229564)	(-0.7446853412, 1.0253372762, -2.7724173712)	(-0.7452902666, 1.0257034255, -2.7719229564)
1.2.7	(-0.7457696107, 1.0273228276, -2.7706500348)	(-0.7453514219, 1.0267526363, -2.7711528043)	(-0.7459216132, 1.0263344475, -2.7716555739)	(-0.7463398019, 1.0269046388, -2.7711528043)

1.3.1	(-0.7520723452, 1.0208207025, -2.440798818)	(-0.7514633171, 1.0211799862, -2.4412996864)	(-0.7511040334, 1.0205709582, -2.4418005548)	(-0.7517130615, 1.0202116745, -2.4412996864)
1.3.2	(-0.7506454979, 1.0199643869, -2.4410973818)	(-0.7499813263, 1.0202070312, -2.44159587)	(-0.749738682, 1.0195428595, -2.4420943583)	(-0.7504028536, 1.0193002152, -2.44159587)
1.3.3	(-0.7521303054, 1.0188791957, -2.4412006989)	(-0.7514236524, 1.0188538608, -2.4416944516)	(-0.7514489872, 1.0181472078, -2.4421882042)	(-0.7521556403, 1.0181725426, -2.4416944516)
1.3.4	(-0.7504804895, 1.0190042866, -2.4419387947)	(-0.7497819903, 1.0191142794, -2.4424348231)	(-0.7496719975, 1.0184157803, -2.4429308514)	(-0.7503704967, 1.0183057875, -2.4424348231)
1.3.5	(-0.7521043779, 1.0178178223, -2.4414223133)	(-0.7514168451, 1.0176525984, -2.4419116886)	(-0.7515820689, 1.0169650656, -2.4424010638)	(-0.7522696018, 1.0171302895, -2.4419116886)
1.3.6	(-0.7535763361, 1.0180450375, -2.4414963802)	(-0.7529300838, 1.0177580566, -2.4419834115)	(-0.7532170648, 1.0171118043, -2.4424704428)	(-0.7538633171, 1.0173987853, -2.4419834115)
1.3.7	(-0.7536145784, 1.0192131951, -2.4415371566)	(-0.7530357358, 1.0188070657, -2.4420251909)	(-0.7534418652, 1.0182282231, -2.4425132252)	(-0.7540207078, 1.0186343525, -2.4420251909)

1.4.1	(-0.7494488642, 1.0284365076, -2.1072998361)	(-0.7487918344, 1.0286978729, -2.1078270055)	(-0.7485304691, 1.0280408431, -2.1083541749)	(-0.7491874989, 1.0277794778, -2.1078270055)
1.4.2	(-0.7491445171, 1.0275475067, -2.1080486324)	(-0.7484374864, 1.027537152, -2.1085915876)	(-0.7484478411, 1.0268301213, -2.1091345429)	(-0.7491548718, 1.026840476, -2.1085915876)
1.4.3	(-0.7499698898, 1.0270767009, -2.1077460899)	(-0.7492793138, 1.0269246993, -2.1082947593)	(-0.7494313155, 1.0262341232, -2.1088434287)	(-0.7501218915, 1.0263861249, -2.1082947593)
1.4.4	(-0.7481877236, 1.0269242818, -2.1087836053)	(-0.747493127, 1.0270567044, -2.1093190645)	(-0.7473607044, 1.0263621078, -2.1098545237)	(-0.748055301, 1.0262296852, -2.1093190645)
1.4.5	(-0.7502228008, 1.0258168083, -2.1077049945)	(-0.7495776938, 1.0255272614, -2.1082549573)	(-0.7498672408, 1.0248821544, -2.10880492)	(-0.7505123477, 1.0251717013, -2.1082549573)
1.4.6	(-0.7512129614, 1.0265071596, -2.1077453491)	(-0.7507335241, 1.0259874098, -2.1082930808)	(-0.7512532739, 1.0255079724, -2.1088408125)	(-0.7517327113, 1.0260277223, -2.1082930808)
1.4.7	(-0.7511617706, 1.0275400909, -2.1072758589)	(-0.7505880246, 1.0271267926, -2.107827398)	(-0.7510013229, 1.0265530465, -2.1083789371)	(-0.7515750689, 1.0269663449, -2.107827398)

2.1.1	(-1.0214267782, -0.7478315594, -3.0987653032)	(-1.0216237735, -0.7471524476, -3.0993017493)	(-1.0209446617, -0.7469554523, -3.0998381953)	(-1.0207476664, -0.7476345641, -3.0993017493)
2.1.2	(-1.0216123644, -0.7457863278, -3.0994375819)	(-1.0215391225, -0.7450830242, -3.0999694617)	(-1.0208358189, -0.7451562661, -3.1005013415)	(-1.0209090608, -0.7458595697, -3.0999694617)
2.1.3	(-1.0211076856, -0.7465979699, -3.0995376747)	(-1.02090371, -0.7459209221, -3.1000653609)	(-1.0202266622, -0.7461248977, -3.1005930472)	(-1.0204306378, -0.7468019455, -3.1000653609)
2.1.4	(-1.0210030293, -0.7448791671, -3.1004028129)	(-1.0210648473, -0.7441747676, -3.1009377735)	(-1.0203604478, -0.7441129496, -3.101472734)	(-1.0202986298, -0.7448173491, -3.1009377735)
2.1.5	(-1.0198781997, -0.7468947255, -3.0998965306)	(-1.0195433706, -0.7462719179, -3.1004188131)	(-1.018920563, -0.7466067471, -3.1009410955)	(-1.0192553922, -0.7472295546, -3.1004188131)
2.1.6	(-1.0206359146, -0.7475448479, -3.099852081)	(-1.0201862814, -0.7469991102, -3.100371365)	(-1.0196405437, -0.7474487434, -3.100890649)	(-1.0200901769, -0.7479944811, -3.100371365)
2.1.7	(-1.0222170185, -0.7463596499, -3.098793838)	(-1.0216668708, -0.7459154231, -3.0993092593)	(-1.021222644, -0.7464655708, -3.0998246806)	(-1.0217727917, -0.7469097976, -3.0993092593)

2.2.1	(-1.0270780414, -0.7450057125, -2.7708729202)	(-1.0272926294, -0.7443319529, -2.7713757004)	(-1.0266188698, -0.744117365, -2.7718784806)	(-1.0264042819, -0.7447911245, -2.7713757004)
2.2.2	(-1.0266262797, -0.7440203991, -2.7709461782)	(-1.0265734299, -0.74331527, -2.7714457934)	(-1.0258683007, -0.7433681198, -2.7719454085)	(-1.0259211506, -0.744073249, -2.7714457934)
2.2.3	(-1.0259656119, -0.7447081062, -2.7709682111)	(-1.0257770764, -0.744026597, -2.7714662146)	(-1.0250955672, -0.7442151325, -2.7719642181)	(-1.0252841027, -0.7448966417, -2.7714662146)
2.2.4	(-1.0260408024, -0.743082645, -2.7717203018)	(-1.0261269574, -0.7423808063, -2.7722215641)	(-1.0254251187, -0.7422946513, -2.7727228263)	(-1.0253389637, -0.74299649, -2.7722215641)
2.2.5	(-1.0249858628, -0.7443659279, -2.7709979962)	(-1.0246728144, -0.7437318927, -2.7714953807)	(-1.0240387793, -0.7440449411, -2.7719927652)	(-1.0243518276, -0.7446789762, -2.7714953807)
2.2.6	(-1.0254429223, -0.7454019563, -2.7710222864)	(-1.0250146045, -0.744839334, -2.7715192311)	(-1.0244519822, -0.7452676519, -2.7720161759)	(-1.0248803, -0.7458302742, -2.7715192311)
2.2.7	(-1.0266297509, -0.7467484058, -2.7709139448)	(-1.0261004491, -0.7462795354, -2.7714128425)	(-1.0256315786, -0.7468088372, -2.7719117402)	(-1.0261608805, -0.7472777076, -2.7714128425)

2.3.1	(-1.0237318573, -0.752833739, -2.4411489777)	(-1.0235997399, -0.7521390845, -2.4416436167)	(-1.0229050853, -0.7522712019, -2.4421382556)	(-1.0230372028, -0.7529658564, -2.4416436167)
2.3.2	(-1.023419917, -0.7516576176, -2.4412229684)	(-1.0234207893, -0.7509505112, -2.4417169541)	(-1.0227136829, -0.7509496389, -2.4422109397)	(-1.0227128106, -0.7516567453, -2.4417169541)
2.3.3	(-1.0228066851, -0.752350604, -2.4412666731)	(-1.0225477979, -0.7516925935, -2.4417590847)	(-1.0218897874, -0.7519514807, -2.4422514962)	(-1.0221486746, -0.7526094912, -2.4417590847)
2.3.4	(-1.022667017, -0.7507051355, -2.4419356769)	(-1.0227948392, -0.7500096781, -2.4424352229)	(-1.0220993818, -0.7498818559, -2.4429347689)	(-1.0219715596, -0.7505773133, -2.4424352229)
2.3.5	(-1.0217175521, -0.7527392482, -2.4414976613)	(-1.021338973, -0.7521420228, -2.4419901435)	(-1.0207417476, -0.7525206018, -2.4424826256)	(-1.0211203266, -0.7531178273, -2.4419901435)
2.3.6	(-1.0224309928, -0.7534838175, -2.4411941357)	(-1.0219435979, -0.7529715224, -2.4416875137)	(-1.0214313028, -0.7534589172, -2.4421808917)	(-1.0219186977, -0.7539712124, -2.4416875137)
2.3.7	(-1.0235142884, -0.7539026666, -2.4411666556)	(-1.0229377609, -0.7534932573, -2.4416606718)	(-1.0225283517, -0.7540697849, -2.4421546881)	(-1.0231048792, -0.7544791941, -2.4416606718)

2.4.1	(-1.0278175438, -0.7522706513, -2.1093601001)	(-1.0279985768, -0.7515871112, -2.1098725626)	(-1.0273150367, -0.7514060781, -2.1103850252)	(-1.0271340037, -0.7520896182, -2.1098725626)
2.4.2	(-1.0274096016, -0.7509207125, -2.1093949498)	(-1.0273184291, -0.7502195085, -2.1099129367)	(-1.026617225, -0.7503106809, -2.1104309236)	(-1.0267083975, -0.751011885, -2.1099129367)
2.4.3	(-1.0267703243, -0.7516409539, -2.1093958948)	(-1.0265427943, -0.7509714542, -2.109915708)	(-1.0258732946, -0.7511989841, -2.1104355211)	(-1.0261008245, -0.7518684839, -2.109915708)
2.4.4	(-1.02668056, -0.7499326731, -2.1102294119)	(-1.026730449, -0.7492273283, -2.1107448418)	(-1.0260251042, -0.7491774394, -2.1112602716)	(-1.0259752152, -0.7498827841, -2.1107448418)
2.4.5	(-1.02568804, -0.7517588983, -2.1093099771)	(-1.0253302744, -0.7511489769, -2.1098318017)	(-1.0247203529, -0.7515067425, -2.1103536263)	(-1.0250781185, -0.7521166639, -2.1098318017)
2.4.6	(-1.0261906872, -0.752841935, -2.1094731626)	(-1.025626485, -0.7524157003, -2.1099934265)	(-1.0252002503, -0.7529799025, -2.1105136905)	(-1.0257644525, -0.7534061372, -2.1099934265)
2.4.7	(-1.0271898579, -0.7526096245, -2.1093394909)	(-1.026723641, -0.7520779838, -2.10986053)	(-1.0261920003, -0.7525442007, -2.1103815691)	(-1.0266582172, -0.7530758414, -2.10986053)

3.1.1	(0.7462477881, -1.018292938, -3.1003588005)	(0.7455488844, -1.0181855431, -3.1008682926)	(0.7456562793, -1.0174866394, -3.1013777847)	(0.746355183, -1.0175940343, -3.1008682926)
3.1.2	(0.7452409931, -1.0180371886, -3.1003211311)	(0.7445344729, -1.0180659883, -3.1008327473)	(0.7445056732, -1.017359468, -3.1013443634)	(0.7452121935, -1.0173306683, -3.1008327473)
3.1.3	(0.7462506043, -1.0171924129, -3.1004175598)	(0.7455849293, -1.0169539246, -3.1009261402)	(0.7458234176, -1.0162882496, -3.1014347205)	(0.7464890925, -1.0165267379, -3.1009261402)
3.1.4	(0.7445865671, -1.0169803652, -3.1012034078)	(0.7438972809, -1.0171381141, -3.1017136534)	(0.743739532, -1.016448828, -3.102223899)	(0.7444288181, -1.016291079, -3.1017136534)
3.1.5	(0.7463431855, -1.0161092327, -3.1007731673)	(0.7457358861, -1.0157470349, -3.1012747164)	(0.7460980838, -1.0151397355, -3.1017762655)	(0.7467053832, -1.0155019333, -3.1012747164)
3.1.6	(0.7475216336, -1.0165999587, -3.1007437713)	(0.7470956859, -1.0160355402, -3.1012443279)	(0.7476601044, -1.0156095925, -3.1017448844)	(0.7480860521, -1.0161740109, -3.1012443279)
3.1.7	(0.7476721838, -1.0176526395, -3.1007415449)	(0.7471456513, -1.0171806612, -3.1012435607)	(0.7476176296, -1.0166541287, -3.1017455765)	(0.7481441621, -1.017126107, -3.1012435607)

3.2.1	(0.7446707604, -1.0257867569, -2.771024576)	(0.7440004541, -1.0260119001, -2.771515853)	(0.7437753109, -1.0253415938, -2.7720071301)	(0.7444456172, -1.0251164506, -2.771515853)
3.2.2	(0.7426780394, -1.0259047815, -2.7711680255)	(0.7419779701, -1.0260042965, -2.7716599545)	(0.7418784552, -1.0253042272, -2.7721518835)	(0.7425785245, -1.0252047122, -2.7716599545)
3.2.3	(0.7442643447, -1.0249645603, -2.7711858959)	(0.7435775352, -1.0247963546, -2.7716804212)	(0.7437457409, -1.0241095452, -2.7721749464)	(0.7444325504, -1.0242777509, -2.7716804212)
3.2.4	(0.7440901391, -1.0237488422, -2.7712547758)	(0.7433839375, -1.0237130711, -2.7717478846)	(0.7434197086, -1.0230068695, -2.7722409935)	(0.7441259102, -1.0230426406, -2.7717478846)
3.2.5	(0.745087899, -1.0236105716, -2.7710825957)	(0.7444468991, -1.0233120436, -2.7715787188)	(0.744745427, -1.0226710438, -2.7720748419)	(0.7453864269, -1.0229695717, -2.7715787188)
3.2.6	(0.746428931, -1.0241623483, -2.7709755141)	(0.7458570132, -1.0237465236, -2.7714734791)	(0.7462728379, -1.0231746059, -2.7719714442)	(0.7468447556, -1.0235904305, -2.7714734791)
3.2.7	(0.7466427125, -1.025478018, -2.7709615121)	(0.7461619189, -1.0249595226, -2.77145976)	(0.7466804142, -1.024478729, -2.7719580078)	(0.7471612078, -1.0249972244, -2.77145976)

3.3.1	(0.7545751478, -1.0185025963, -2.4399105465)	(0.7538723669, -1.0185806919, -2.4404292082)	(0.7537942712, -1.017877911, -2.44094787)	(0.7544970522, -1.0177998154, -2.4404292082)
3.3.2	(0.7535258727, -1.018216355, -2.4398188384)	(0.7528200225, -1.0181742163, -2.4403378931)	(0.7528621612, -1.017468366, -2.4408569477)	(0.7535680115, -1.0175105048, -2.4403378931)
3.3.3	(0.7545790336, -1.0173784984, -2.4398748218)	(0.7539431189, -1.0170692852, -2.4403918337)	(0.7542523321, -1.0164333704, -2.4409088457)	(0.7548882469, -1.0167425836, -2.4403918337)
3.3.4	(0.7532806878, -1.0172384144, -2.4401263981)	(0.7525979392, -1.0170544204, -2.4406446243)	(0.7527819333, -1.0163716718, -2.4411628505)	(0.7534646819, -1.0165556658, -2.4406446243)
3.3.5	(0.75479662, -1.0163023599, -2.4399952679)	(0.7542302113, -1.0158790616, -2.4405105985)	(0.7546535096, -1.0153126529, -2.4410259292)	(0.7552199183, -1.0157359512, -2.4405105985)
3.3.6	(0.755519339, -1.0168960978, -2.4400433875)	(0.755158548, -1.0162879613, -2.4405552668)	(0.7557666844, -1.0159271703, -2.4410671461)	(0.7561274754, -1.0165353068, -2.4405552668)
3.3.7	(0.7552869723, -1.0179519606, -2.4400648744)	(0.75481279, -1.0174274121, -2.440578126)	(0.7553373385, -1.0169532298, -2.4410913776)	(0.7558115208, -1.0174777783, -2.440578126)

3.4.1	(0.7514589243, -1.026038542, -2.1096401042)	(0.7508076848, -1.0257630658, -2.1101558487)	(0.7510831611, -1.0251118263, -2.1106715933)	(0.7517344005, -1.0253873026, -2.1101558487)
3.4.2	(0.7487621358, -1.0261071727, -2.1102179005)	(0.7480871687, -1.0263179309, -2.110728841)	(0.7478764106, -1.0256429638, -2.1112397816)	(0.7485513777, -1.0254322056, -2.110728841)
3.4.3	(0.7503065194, -1.0251734793, -2.1101652046)	(0.7496079204, -1.025064121, -2.1106751671)	(0.7497172788, -1.024365522, -2.1111851296)	(0.7504158777, -1.0244748803, -2.1106751671)
3.4.4	(0.7485611701, -1.0251341643, -2.1109218861)	(0.7478620019, -1.0252398242, -2.1114327535)	(0.747756342, -1.024540656, -2.1119436208)	(0.7484555102, -1.0244349962, -2.1114327535)
3.4.5	(0.750137628, -1.0240993189, -2.1101482722)	(0.7494305283, -1.0240960932, -2.1106588051)	(0.749433754, -1.0233889935, -2.1111693381)	(0.7501408537, -1.0233922192, -2.1106588051)
3.4.6	(0.7522763871, -1.0241287543, -2.1098466105)	(0.7516729357, -1.0237601807, -2.1103630885)	(0.7520415092, -1.0231567293, -2.1108795665)	(0.7526449606, -1.0235253029, -2.1103630885)
3.4.7	(0.7515628304, -1.0247087833, -2.1103570203)	(0.7520828991, -1.0251878747, -2.1098434114)	(0.7525619905, -1.024667806, -2.1103570203)	(0.7520419219, -1.0241887146, -2.1108706293)

4.1.1	(1.0194157164, 0.744279176, -3.1008722214)	(1.0191365903, 0.7449288597, -3.1003627029)	(1.0184869066, 0.7446497337, -3.1008722214)	(1.0187660326, 0.7440000499, -3.1013817398)
4.1.2	(1.0172593321, 0.745007589, -3.1002154712)	(1.0165524, 0.7449918683, -3.1007290323)	(1.0165681206, 0.7442849362, -3.1012425934)	(1.0172750528, 0.7443006569, -3.1007290323)
4.1.3	(1.0173347026, 0.7462445954, -3.1001216724)	(1.0172128792, 0.745548062, -3.1006362781)	(1.0165163458, 0.7456698853, -3.1011508838)	(1.0166381691, 0.7463664188, -3.1006362781)
4.1.4	(1.0158685802, 0.745546781, -3.1008830001)	(1.0152115359, 0.7458081095, -3.1013978489)	(1.0154728644, 0.7464651538, -3.1008830001)	(1.0161299087, 0.7462038253, -3.1003681512)
4.1.5	(1.0158379313, 0.7467165955, -3.1011538433)	(1.0162155917, 0.7473144017, -3.1006369769)	(1.0168133979, 0.7469367413, -3.1001201105)	(1.0164357375, 0.7463389351, -3.1006369769)
4.1.6	(1.0168580086, 0.7472094158, -3.1009432481)	(1.0173510877, 0.7477162423, -3.1004265812)	(1.0178579141, 0.7472231633, -3.0999099144)	(1.0173648351, 0.7467163368, -3.1004265812)
4.1.7	(1.0181091508, 0.7450666121, -3.1007200859)	(1.0179552187, 0.7457567606, -3.1002081061)	(1.0186453672, 0.7459106926, -3.0996961264)	(1.0187992993, 0.7452205442, -3.1002081061)

4.2.1	(1.0266609205, 0.7438705955, -2.7720087019)	(1.0259553605, 0.7439173427, -2.7724994059)	(1.0260021076, 0.7446229027, -2.7720087019)	(1.0267076677, 0.7445761556, -2.7715179979)
4.2.2	(1.0262731312, 0.7429951751, -2.7727624935)	(1.0255719173, 0.7429040745, -2.7732553274)	(1.0254808167, 0.7436052884, -2.7727624935)	(1.0261820306, 0.7436963889, -2.7722696597)
4.2.3	(1.0262881268, 0.7454337123, -2.7715531324)	(1.0256047045, 0.7456151905, -2.7720420806)	(1.0254232263, 0.7449317682, -2.7725310288)	(1.0261066486, 0.74475029, -2.7720420806)
4.2.4	(1.024921806, 0.7447963645, -2.7720956148)	(1.0242827159, 0.7450989595, -2.7725830757)	(1.0245853109, 0.7457380496, -2.7720956148)	(1.025224401, 0.7454354545, -2.7716081539)
4.2.5	(1.025266737, 0.7465213288, -2.7720467506)	(1.0247874767, 0.747041242, -2.7725344923)	(1.0253073898, 0.7475205022, -2.7720467506)	(1.0257866501, 0.7470005891, -2.771559009)
4.2.6	(1.0263156946, 0.7460405817, -2.7718329893)	(1.0257460415, 0.7464595032, -2.7723205326)	(1.026164963, 0.7470291564, -2.7718329893)	(1.0267346161, 0.7466102348, -2.771345446)
4.2.7	(1.0271354631, 0.7456929052, -2.7711315519)	(1.0264629702, 0.7454743801, -2.7716266631)	(1.0266814953, 0.7448018872, -2.7721217744)	(1.0273539882, 0.7450204123, -2.7716266631)

4.3.1	(1.0219166344, 0.7530225379, -2.4402857993)	(1.0221206956, 0.7523455158, -2.4407855569)	(1.0214436735, 0.7521414545, -2.4412853145)	(1.0212396123, 0.7528184766, -2.4407855569)
4.3.2	(1.0214521495, 0.751779456, -2.4402038527)	(1.021388876, 0.7510751856, -2.4407117215)	(1.0206846057, 0.7511384591, -2.4412195903)	(1.0207478791, 0.7518427295, -2.4407117215)
4.3.3	(1.0208831011, 0.751980366, -2.4406359113)	(1.0210814227, 0.752659092, -2.4401242361)	(1.0204026968, 0.7528574136, -2.4406359113)	(1.0202043751, 0.7521786877, -2.4411475865)
4.3.4	(1.0209821666, 0.7508774046, -2.4409492673)	(1.0210576303, 0.7501743365, -2.4414530204)	(1.0203545622, 0.7500988728, -2.4419567735)	(1.0202790985, 0.7508019409, -2.4414530204)
4.3.5	(1.0188411904, 0.7525710053, -2.4414616253)	(1.0183888981, 0.7531145419, -2.4419854362)	(1.0189324347, 0.7535668341, -2.4414616253)	(1.019384727, 0.7530232976, -2.4409378144)
4.3.6	(1.0200802243, 0.7527127927, -2.440533484)	(1.019452998, 0.7530392696, -2.4410495067)	(1.0197794748, 0.7536664959, -2.440533484)	(1.0204067012, 0.753340019, -2.4400174614)
4.3.7	(1.021040204, 0.7532997957, -2.4402065307)	(1.0204881455, 0.7537416455, -2.4407267725)	(1.0209299953, 0.754293704, -2.4402065307)	(1.0214820538, 0.7538518542, -2.4396862888)

4.4.1	(1.0271782055, 0.751449676, -2.109463642)	(1.0270305718, 0.7507581528, -2.1099834589)	(1.0263390486, 0.7509057865, -2.1105032758)	(1.0264866823, 0.7515973096, -2.1099834589)
4.4.2	(1.0265847657, 0.750620561, -2.1096949461)	(1.0265717326, 0.7499135747, -2.1102145148)	(1.0258647463, 0.7499266077, -2.1107340835)	(1.0258777793, 0.7506335941, -2.1102145148)
4.4.3	(1.0260869737, 0.7513259175, -2.1096971101)	(1.025803347, 0.7506781863, -2.1102138524)	(1.0251556158, 0.7509618131, -2.1107305948)	(1.0254392425, 0.7516095442, -2.1102138524)
4.4.4	(1.0257963102, 0.7496499675, -2.110496663)	(1.0259261982, 0.7489548925, -2.1110200502)	(1.0252311232, 0.7488250045, -2.1115434374)	(1.0251012352, 0.7495200795, -2.1110200502)
4.4.5	(1.024992303, 0.7516145583, -2.1099553253)	(1.0245874004, 0.7510348564, -2.1104709681)	(1.0240076985, 0.751439759, -2.1109866109)	(1.0244126011, 0.7520194609, -2.1104709681)
4.4.6	(1.0250329764, 0.7519261602, -2.1103237219)	(1.0245427406, 0.7524357373, -2.1108376293)	(1.0250523178, 0.7529259732, -2.1103237219)	(1.0255425536, 0.752416396, -2.1098098145)
4.4.7	(1.0268008538, 0.7532129068, -2.1099961274)	(1.0262063256, 0.7528301062, -2.1105080793)	(1.0258235251, 0.7534246344, -2.1110200312)	(1.0264180533, 0.753807435, -2.1105080793)
