1.1.1	(-0.7632589117795, 1.0139756257138, -3.1008810889)	(-0.7634674755795, 1.0146512743137999, -3.1003693011)	(-0.7627918269795, 1.0148598382137999, -3.1008810889)	(-0.7625832630795001, 1.0141841895138, -3.1013928766)
1.1.2	(-0.7620650823795, 1.0150618566137999, -3.1002727699)	(-0.7614399696795, 1.0153923627138, -3.1007840036)	(-0.7611094634795, 1.0147672500137999, -3.1012952374)	(-0.7617345761795, 1.0144367438138, -3.1007840036)
1.1.3	(-0.7612724896795, 1.0140171875138, -3.101076609)	(-0.7605690376795, 1.0140889890137998, -3.1015885309)	(-0.7604972361795, 1.0133855371137999, -3.1021004528)	(-0.7612006880795, 1.0133137355138, -3.1015885309)
1.1.4	(-0.7629394802795, 1.0138340559138, -3.1002638105)	(-0.7622355047795001, 1.0137675855138, -3.1007754019)	(-0.7623019752795, 1.0130636100138, -3.1012869933)	(-0.7630059506795001, 1.0131300804138, -3.1007754019)
1.1.5	(-0.7634749737795, 1.0125516038137998, -3.1003773468)	(-0.7627985866795001, 1.0123454478137999, -3.1008870268)	(-0.7630047426795, 1.0116690607138, -3.1013967068)	(-0.7636811297795, 1.0118752167137999, -3.1008870268)
1.1.6	(-0.7644128277795, 1.0131461002137998, -3.1005022671)	(-0.7638638803795, 1.0127003913138, -3.1010076722)	(-0.7643095893795, 1.0121514439138, -3.1015130774)	(-0.7648585366795, 1.0125971529137998, -3.1010076722)
1.1.7	(-0.7648274506795001, 1.0141269384137999, -3.1004603136)	(-0.7642038838795, 1.0137935250138, -3.100967642)	(-0.7645372972795, 1.0131699582137998, -3.1014749704)	(-0.7651608640795, 1.0135033716138, -3.100967642)

1.2.1	(-0.7647273149795001, 1.0253898513138, -2.7707874333)	(-0.7642100876795, 1.0249076938138, -2.7712870967)	(-0.7646922450795001, 1.0243904665138, -2.7717867601)	(-0.7652094724795, 1.0248726240138, -2.7712870967)
1.2.2	(-0.7633895853795001, 1.0249474052138, -2.7714381819)	(-0.7626941248795001, 1.0248195971137999, -2.7719256408)	(-0.7628219329795001, 1.0241241366137999, -2.7724130996)	(-0.7635173934795, 1.0242519447137999, -2.7719256408)
1.2.3	(-0.7640717289795, 1.0242668553138, -2.7714322887)	(-0.7634101460795001, 1.0240172389137998, -2.7719230274)	(-0.7636597624795001, 1.0233556559138, -2.7724137662)	(-0.7643213454795, 1.0236052724137998, -2.7719230274)
1.2.4	(-0.7624603136795001, 1.0241105399138, -2.7718847627)	(-0.7617644578795, 1.0242361780137998, -2.7723670053)	(-0.7616388197795, 1.0235403222138, -2.7728492478)	(-0.7623346755795001, 1.0234146841137999, -2.7723670053)
1.2.5	(-0.7632179008795, 1.0235165648137998, -2.7722068771)	(-0.7625107942795001, 1.0235166772137998, -2.7726914296)	(-0.7625106818795, 1.0228095706137998, -2.773175982)	(-0.7632177884795001, 1.0228094582137999, -2.7726914296)
1.2.6	(-0.7647944449795, 1.0236278257137998, -2.7714285416)	(-0.7641895195795, 1.0232616763137998, -2.7719229564)	(-0.7645556688795, 1.0226567510137998, -2.7724173712)	(-0.7651605942795, 1.0230229003137998, -2.7719229564)
1.2.7	(-0.7656399383795001, 1.0246423024137998, -2.7706500348)	(-0.7652217495795001, 1.0240721111137998, -2.7711528043)	(-0.7657919408795001, 1.0236539223138, -2.7716555739)	(-0.7662101295795001, 1.0242241136138, -2.7711528043)

1.3.1	(-0.7719426728795, 1.0181401773138, -2.440798818)	(-0.7713336447795001, 1.0184994610137998, -2.4412996864)	(-0.7709743610795, 1.0178904330138, -2.4418005548)	(-0.7715833891795, 1.0175311493138, -2.4412996864)
1.3.2	(-0.7705158255795, 1.0172838617137998, -2.4410973818)	(-0.7698516539795001, 1.0175265060138, -2.44159587)	(-0.7696090096795001, 1.0168623343138, -2.4420943583)	(-0.7702731812795001, 1.0166196900137998, -2.44159587)
1.3.3	(-0.7720006330795001, 1.0161986705138, -2.4412006989)	(-0.7712939800795, 1.0161733356137999, -2.4416944516)	(-0.7713193148795, 1.0154666826138, -2.4421882042)	(-0.7720259679795001, 1.0154920174137998, -2.4416944516)
1.3.4	(-0.7703508171795, 1.0163237614137999, -2.4419387947)	(-0.7696523179795001, 1.0164337542138, -2.4424348231)	(-0.7695423251795, 1.0157352551138, -2.4429308514)	(-0.7702408243795, 1.0156252623137998, -2.4424348231)
1.3.5	(-0.7719747055795, 1.0151372971138, -2.4414223133)	(-0.7712871727795, 1.0149720732138, -2.4419116886)	(-0.7714523965795, 1.0142845404138, -2.4424010638)	(-0.7721399294795, 1.0144497643138, -2.4419116886)
1.3.6	(-0.7734466637795, 1.0153645123138, -2.4414963802)	(-0.7728004114795001, 1.0150775314137999, -2.4419834115)	(-0.7730873924795, 1.0144312791138, -2.4424704428)	(-0.7737336447795, 1.0147182601137998, -2.4419834115)
1.3.7	(-0.7734849060795, 1.0165326699138, -2.4415371566)	(-0.7729060634795001, 1.0161265405137998, -2.4420251909)	(-0.7733121928795, 1.0155476979137998, -2.4425132252)	(-0.7738910354795, 1.0159538273137998, -2.4420251909)

1.4.1	(-0.7693191918795, 1.0257559824137998, -2.1072998361)	(-0.7686621620795, 1.0260173477138, -2.1078270055)	(-0.7684007967795, 1.0253603179138, -2.1083541749)	(-0.7690578265795001, 1.0250989526138, -2.1078270055)
1.4.2	(-0.7690148447795, 1.0248669815137998, -2.1080486324)	(-0.7683078140795, 1.0248566268138, -2.1085915876)	(-0.7683181687795, 1.0241495961137999, -2.1091345429)	(-0.7690251994795, 1.0241599508138, -2.1085915876)
1.4.3	(-0.7698402174795, 1.0243961757137998, -2.1077460899)	(-0.7691496414795, 1.0242441741138, -2.1082947593)	(-0.7693016431795, 1.0235535980138, -2.1088434287)	(-0.7699922191795, 1.0237055997137998, -2.1082947593)
1.4.4	(-0.7680580512795, 1.0242437566137998, -2.1087836053)	(-0.7673634546795001, 1.0243761792138, -2.1093190645)	(-0.7672310320795, 1.0236815826138, -2.1098545237)	(-0.7679256286795, 1.0235491600137998, -2.1093190645)
1.4.5	(-0.7700931284795001, 1.0231362831138, -2.1077049945)	(-0.7694480214795, 1.0228467362137998, -2.1082549573)	(-0.7697375684795, 1.0222016292137999, -2.10880492)	(-0.7703826753795, 1.0224911761137998, -2.1082549573)
1.4.6	(-0.7710832890795001, 1.0238266344137998, -2.1077453491)	(-0.7706038517795001, 1.0233068846137998, -2.1082930808)	(-0.7711236015795, 1.0228274472138, -2.1088408125)	(-0.7716030389795, 1.0233471971138, -2.1082930808)
1.4.7	(-0.7710320982795, 1.0248595657138, -2.1072758589)	(-0.7704583522795, 1.0244462674138, -2.107827398)	(-0.7708716505795, 1.0238725213137998, -2.1083789371)	(-0.7714453965795001, 1.0242858197137998, -2.107827398)

2.1.1	(-1.0188905460586, -0.7671512181392001, -3.0987653032)	(-1.0190875413586, -0.7664721063392, -3.0993017493)	(-1.0184084295586, -0.7662751110392001, -3.0998381953)	(-1.0182114342586, -0.7669542228392, -3.0993017493)
2.1.2	(-1.0190761322586, -0.7651059865392, -3.0994375819)	(-1.0190028903586, -0.7644026829392001, -3.0999694617)	(-1.0182995867586, -0.7644759248392, -3.1005013415)	(-1.0183728286586, -0.7651792284392, -3.0999694617)
2.1.3	(-1.0185714534586001, -0.7659176286392001, -3.0995376747)	(-1.0183674778586, -0.7652405808392001, -3.1000653609)	(-1.0176904300586, -0.7654445564392001, -3.1005930472)	(-1.0178944056586001, -0.7661216042392001, -3.1000653609)
2.1.4	(-1.0184667971586001, -0.7641988258392001, -3.1004028129)	(-1.0185286151586, -0.7634944263392001, -3.1009377735)	(-1.0178242156586, -0.7634326083392, -3.101472734)	(-1.0177623976586, -0.7641370078392, -3.1009377735)
2.1.5	(-1.0173419675586, -0.7662143842392001, -3.0998965306)	(-1.0170071384586001, -0.7655915766392001, -3.1004188131)	(-1.0163843308586, -0.7659264058392, -3.1009410955)	(-1.0167191600586, -0.7665492133392, -3.1004188131)
2.1.6	(-1.0180996824586, -0.7668645066392, -3.099852081)	(-1.0176500492586, -0.7663187689392, -3.100371365)	(-1.0171043115586, -0.7667684021392001, -3.100890649)	(-1.0175539447586, -0.7673141398392, -3.100371365)
2.1.7	(-1.0196807863586, -0.7656793086392001, -3.098793838)	(-1.0191306386586, -0.7652350818392001, -3.0993092593)	(-1.0186864118586, -0.7657852295392, -3.0998246806)	(-1.0192365595586, -0.7662294563392, -3.0993092593)

2.2.1	(-1.0245418092586, -0.7643253712392001, -2.7708729202)	(-1.0247563972586, -0.7636516116392, -2.7713757004)	(-1.0240826376586, -0.7634370237392001, -2.7718784806)	(-1.0238680497586001, -0.7641107832392, -2.7713757004)
2.2.2	(-1.0240900475586001, -0.7633400578392, -2.7709461782)	(-1.0240371977586, -0.7626349287392, -2.7714457934)	(-1.0233320685586, -0.7626877785392, -2.7719454085)	(-1.0233849184586001, -0.7633929077392001, -2.7714457934)
2.2.3	(-1.0234293797586, -0.7640277649392001, -2.7709682111)	(-1.0232408442586, -0.7633462557392, -2.7714662146)	(-1.0225593350586, -0.7635347912392001, -2.7719642181)	(-1.0227478705586, -0.7642163004392001, -2.7714662146)
2.2.4	(-1.0235045702586, -0.7624023037392, -2.7717203018)	(-1.0235907252586, -0.7617004650392001, -2.7722215641)	(-1.0228888865586, -0.7616143100392001, -2.7727228263)	(-1.0228027315586001, -0.7623161487392001, -2.7722215641)
2.2.5	(-1.0224496306586, -0.7636855866392, -2.7709979962)	(-1.0221365822586, -0.7630515514392, -2.7714953807)	(-1.0215025471586001, -0.7633645998392, -2.7719927652)	(-1.0218155954586001, -0.7639986349392001, -2.7714953807)
2.2.6	(-1.0229066901586, -0.7647216150392, -2.7710222864)	(-1.0224783723586, -0.7641589927392001, -2.7715192311)	(-1.0219157500586, -0.7645873106392, -2.7720161759)	(-1.0223440678586, -0.7651499329392001, -2.7715192311)
2.2.7	(-1.0240935187586, -0.7660680645392001, -2.7709139448)	(-1.0235642169586001, -0.7655991941392001, -2.7714128425)	(-1.0230953464586001, -0.7661284959392001, -2.7719117402)	(-1.0236246483586, -0.7665973663392001, -2.7714128425)

2.3.1	(-1.0211956251586, -0.7721533977392, -2.4411489777)	(-1.0210635077586, -0.7714587432392, -2.4416436167)	(-1.0203688531586, -0.7715908606392, -2.4421382556)	(-1.0205009706586001, -0.7722855151392001, -2.4416436167)
2.3.2	(-1.0208836848586, -0.7709772763392001, -2.4412229684)	(-1.0208845571586, -0.7702701699392001, -2.4417169541)	(-1.0201774507586001, -0.7702692976392, -2.4422109397)	(-1.0201765784586, -0.7709764040392001, -2.4417169541)
2.3.3	(-1.0202704529586, -0.7716702627392, -2.4412666731)	(-1.0200115657586, -0.7710122522392, -2.4417590847)	(-1.0193535552586, -0.7712711394392, -2.4422514962)	(-1.0196124424586, -0.7719291499392, -2.4417590847)
2.3.4	(-1.0201307848586, -0.7700247942392, -2.4419356769)	(-1.0202586070586, -0.7693293368392, -2.4424352229)	(-1.0195631496586, -0.7692015146392001, -2.4429347689)	(-1.0194353274586, -0.7698969720392, -2.4424352229)
2.3.5	(-1.0191813199586, -0.7720589069392001, -2.4414976613)	(-1.0188027408586, -0.7714616815392, -2.4419901435)	(-1.0182055154586, -0.7718402605392001, -2.4424826256)	(-1.0185840944586, -0.7724374860392, -2.4419901435)
2.3.6	(-1.0198947606586, -0.7728034762392001, -2.4411941357)	(-1.0194073657586, -0.7722911811392, -2.4416875137)	(-1.0188950706586, -0.7727785759392001, -2.4421808917)	(-1.0193824655586001, -0.7732908711392, -2.4416875137)
2.3.7	(-1.0209780562586, -0.7732223253392001, -2.4411666556)	(-1.0204015287586001, -0.7728129160392001, -2.4416606718)	(-1.0199921195586, -0.7733894436392, -2.4421546881)	(-1.0205686470586, -0.7737988528392, -2.4416606718)

2.4.1	(-1.0252813116586, -0.7715903100392001, -2.1093601001)	(-1.0254623446586, -0.7709067699392, -2.1098725626)	(-1.0247788045586, -0.7707257368392001, -2.1103850252)	(-1.0245977715586, -0.7714092769392, -2.1098725626)
2.4.2	(-1.0248733694586, -0.7702403712392001, -2.1093949498)	(-1.0247821969586, -0.7695391672392, -2.1099129367)	(-1.0240809928586, -0.7696303396392, -2.1104309236)	(-1.0241721653586, -0.7703315437392001, -2.1099129367)
2.4.3	(-1.0242340921586, -0.7709606126392, -2.1093958948)	(-1.0240065621586, -0.7702911129392, -2.109915708)	(-1.0233370624586, -0.7705186428392, -2.1104355211)	(-1.0235645923586, -0.7711881426392001, -2.109915708)
2.4.4	(-1.0241443278586, -0.7692523318392, -2.1102294119)	(-1.0241942168586, -0.7685469870392001, -2.1107448418)	(-1.0234888720586, -0.7684970981392001, -2.1112602716)	(-1.0234389830586, -0.7692024428392, -2.1107448418)
2.4.5	(-1.0231518078586, -0.7710785570392, -2.1093099771)	(-1.0227940422586, -0.7704686356392001, -2.1098318017)	(-1.0221841207586, -0.7708264012392001, -2.1103536263)	(-1.0225418863586, -0.7714363226392, -2.1098318017)
2.4.6	(-1.0236544550586, -0.7721615937392, -2.1094731626)	(-1.0230902528586001, -0.7717353590392001, -2.1099934265)	(-1.0226640181586, -0.7722995612392001, -2.1105136905)	(-1.0232282203586, -0.7727257959392001, -2.1099934265)
2.4.7	(-1.0246536257586, -0.7719292832392001, -2.1093394909)	(-1.0241874088586, -0.7713976425392001, -2.10986053)	(-1.0236557681586, -0.7718638594392001, -2.1103815691)	(-1.0241219850586, -0.7723955001392, -2.10986053)

3.1.1	(0.7622477881, -1.014292938, -3.1003588005)	(0.7615488844, -1.0141855431, -3.1008682926)	(0.7616562793, -1.0134866394, -3.1013777847)	(0.762355183, -1.0135940343, -3.1008682926)
3.1.2	(0.7612409931, -1.0140371886, -3.1003211311)	(0.7605344729, -1.0140659883, -3.1008327473)	(0.7605056732000001, -1.013359468, -3.1013443634)	(0.7612121935, -1.0133306683, -3.1008327473)
3.1.3	(0.7622506043, -1.0131924129, -3.1004175598)	(0.7615849293, -1.0129539245999999, -3.1009261402)	(0.7618234176, -1.0122882496, -3.1014347205)	(0.7624890925, -1.0125267379, -3.1009261402)
3.1.4	(0.7605865671, -1.0129803652, -3.1012034078)	(0.7598972809, -1.0131381141, -3.1017136534)	(0.759739532, -1.012448828, -3.102223899)	(0.7604288181, -1.012291079, -3.1017136534)
3.1.5	(0.7623431855, -1.0121092327, -3.1007731673)	(0.7617358861, -1.0117470349, -3.1012747164)	(0.7620980838, -1.0111397355, -3.1017762655)	(0.7627053832, -1.0115019333, -3.1012747164)
3.1.6	(0.7635216336, -1.0125999587, -3.1007437713)	(0.7630956859, -1.0120355402, -3.1012443279)	(0.7636601044, -1.0116095925, -3.1017448844)	(0.7640860521, -1.0121740109, -3.1012443279)
3.1.7	(0.7636721838, -1.0136526395, -3.1007415449)	(0.7631456513, -1.0131806612, -3.1012435607)	(0.7636176296, -1.0126541287, -3.1017455765)	(0.7641441621, -1.013126107, -3.1012435607)

3.2.1	(0.7606707604, -1.0217867569, -2.771024576)	(0.7600004541000001, -1.0220119001, -2.771515853)	(0.7597753109000001, -1.0213415938, -2.7720071301)	(0.7604456172, -1.0211164506, -2.771515853)
3.2.2	(0.7586780394, -1.0219047815, -2.7711680255)	(0.7579779701, -1.0220042965, -2.7716599545)	(0.7578784552, -1.0213042272, -2.7721518835)	(0.7585785245, -1.0212047122, -2.7716599545)
3.2.3	(0.7602643447, -1.0209645603, -2.7711858959)	(0.7595775352, -1.0207963546, -2.7716804212)	(0.7597457409, -1.0201095452, -2.7721749464)	(0.7604325504, -1.0202777509, -2.7716804212)
3.2.4	(0.7600901391, -1.0197488422, -2.7712547758)	(0.7593839375, -1.0197130711, -2.7717478846)	(0.7594197086, -1.0190068695, -2.7722409935)	(0.7601259102, -1.0190426406, -2.7717478846)
3.2.5	(0.7610878990000001, -1.0196105716, -2.7710825957)	(0.7604468991, -1.0193120436, -2.7715787188)	(0.760745427, -1.0186710438, -2.7720748419)	(0.7613864269, -1.0189695717, -2.7715787188)
3.2.6	(0.762428931, -1.0201623483, -2.7709755141)	(0.7618570132, -1.0197465236, -2.7714734791)	(0.7622728379, -1.0191746059, -2.7719714442)	(0.7628447556, -1.0195904305, -2.7714734791)
3.2.7	(0.7626427125, -1.021478018, -2.7709615121)	(0.7621619189000001, -1.0209595226, -2.77145976)	(0.7626804142, -1.020478729, -2.7719580078)	(0.7631612078, -1.0209972244, -2.77145976)

3.3.1	(0.7705751478, -1.0145025963, -2.4399105465)	(0.7698723669, -1.0145806919, -2.4404292082)	(0.7697942712, -1.013877911, -2.44094787)	(0.7704970522, -1.0137998154, -2.4404292082)
3.3.2	(0.7695258727000001, -1.014216355, -2.4398188384)	(0.7688200225, -1.0141742163, -2.4403378931)	(0.7688621612000001, -1.013468366, -2.4408569477)	(0.7695680115, -1.0135105048, -2.4403378931)
3.3.3	(0.7705790336, -1.0133784984, -2.4398748218)	(0.7699431189, -1.0130692852, -2.4403918337)	(0.7702523321, -1.0124333704, -2.4409088457)	(0.7708882469, -1.0127425836, -2.4403918337)
3.3.4	(0.7692806878, -1.0132384144, -2.4401263981)	(0.7685979392, -1.0130544204, -2.4406446243)	(0.7687819333, -1.0123716718, -2.4411628505)	(0.7694646819000001, -1.0125556658, -2.4406446243)
3.3.5	(0.77079662, -1.0123023599, -2.4399952679)	(0.7702302113, -1.0118790616, -2.4405105985)	(0.7706535096, -1.0113126529, -2.4410259292)	(0.7712199183, -1.0117359512, -2.4405105985)
3.3.6	(0.771519339, -1.0128960978, -2.4400433875)	(0.771158548, -1.0122879613, -2.4405552668)	(0.7717666844000001, -1.0119271703, -2.4410671461)	(0.7721274754, -1.0125353068, -2.4405552668)
3.3.7	(0.7712869723, -1.0139519606, -2.4400648744)	(0.77081279, -1.0134274121, -2.440578126)	(0.7713373385, -1.0129532298, -2.4410913776)	(0.7718115208, -1.0134777783, -2.440578126)

3.4.1	(0.7674589243000001, -1.022038542, -2.1096401042)	(0.7668076848000001, -1.0217630658, -2.1101558487)	(0.7670831611, -1.0211118263, -2.1106715933)	(0.7677344005, -1.0213873026, -2.1101558487)
3.4.2	(0.7647621358, -1.0221071727, -2.1102179005)	(0.7640871687, -1.0223179309, -2.110728841)	(0.7638764106, -1.0216429638, -2.1112397816)	(0.7645513777, -1.0214322056, -2.110728841)
3.4.3	(0.7663065194, -1.0211734793, -2.1101652046)	(0.7656079204, -1.021064121, -2.1106751671)	(0.7657172788000001, -1.020365522, -2.1111851296)	(0.7664158777, -1.0204748802999999, -2.1106751671)
3.4.4	(0.7645611701, -1.0211341643, -2.1109218861)	(0.7638620019, -1.0212398242, -2.1114327535)	(0.763756342, -1.020540656, -2.1119436208)	(0.7644555102, -1.0204349961999999, -2.1114327535)
3.4.5	(0.766137628, -1.0200993189, -2.1101482722)	(0.7654305283, -1.0200960932, -2.1106588051)	(0.765433754, -1.0193889935, -2.1111693381)	(0.7661408537000001, -1.0193922192, -2.1106588051)
3.4.6	(0.7682763871, -1.0201287543, -2.1098466105)	(0.7676729357000001, -1.0197601807, -2.1103630885)	(0.7680415092, -1.0191567293, -2.1108795665)	(0.7686449606, -1.0195253029, -2.1103630885)
3.4.7	(0.7675628304000001, -1.0207087833, -2.1103570203)	(0.7680828991, -1.0211878747, -2.1098434114)	(0.7685619905000001, -1.020667806, -2.1103570203)	(0.7680419219, -1.0201887146, -2.1108706293)

4.1.1	(1.0161561409828, 0.7623945932432, -3.1008722214)	(1.0158770148828, 0.7630442769432, -3.1003627029)	(1.0152273311828, 0.7627651509432, -3.1008722214)	(1.0155064571828, 0.7621154671432, -3.1013817398)
4.1.2	(1.0139997566828, 0.7631230062432, -3.1002154712)	(1.0132928245828, 0.7631072855432, -3.1007290323)	(1.0133085451828, 0.7624003534432, -3.1012425934)	(1.0140154773828, 0.7624160741432, -3.1007290323)
4.1.3	(1.0140751271828, 0.7643600126432, -3.1001216724)	(1.0139533037828, 0.7636634792432, -3.1006362781)	(1.0132567703828, 0.7637853025432, -3.1011508838)	(1.0133785936828, 0.7644818360432, -3.1006362781)
4.1.4	(1.0126090047828, 0.7636621982432, -3.1008830001)	(1.0119519604828, 0.7639235267432, -3.1013978489)	(1.0122132889828, 0.7645805710432, -3.1008830001)	(1.0128703332828, 0.7643192425431999, -3.1003681512)
4.1.5	(1.0125783558828, 0.7648320127432, -3.1011538433)	(1.0129560162828, 0.7654298189432, -3.1006369769)	(1.0135538224828, 0.7650521585432, -3.1001201105)	(1.0131761620828, 0.7644543523432, -3.1006369769)
4.1.6	(1.0135984331828, 0.7653248330432, -3.1009432481)	(1.0140915122828, 0.7658316595432, -3.1004265812)	(1.0145983386828, 0.7653385805432, -3.0999099144)	(1.0141052596828, 0.7648317540432, -3.1004265812)
4.1.7	(1.0148495753828, 0.7631820293432, -3.1007200859)	(1.0146956432828, 0.7638721778431999, -3.1002081061)	(1.0153857917828, 0.7640261098432, -3.0996961264)	(1.0155397238828, 0.7633359614431999, -3.1002081061)

4.2.1	(1.0234013450828, 0.7619860127432, -2.7720087019)	(1.0226957850828, 0.7620327599432, -2.7724994059)	(1.0227425321828, 0.7627383199432, -2.7720087019)	(1.0234480922828, 0.7626915728432, -2.7715179979)
4.2.2	(1.0230135557828, 0.7611105923432, -2.7727624935)	(1.0223123418828, 0.7610194917431999, -2.7732553274)	(1.0222212412828, 0.7617207056431999, -2.7727624935)	(1.0229224551828, 0.7618118061432, -2.7722696597)
4.2.3	(1.0230285513828, 0.7635491295432, -2.7715531324)	(1.0223451290828, 0.7637306077432, -2.7720420806)	(1.0221636508828, 0.7630471854431999, -2.7725310288)	(1.0228470731827999, 0.7628657072432, -2.7720420806)
4.2.4	(1.0216622305828, 0.7629117817432, -2.7720956148)	(1.0210231404828, 0.7632143767432, -2.7725830757)	(1.0213257354828, 0.7638534668432, -2.7720956148)	(1.0219648255828, 0.7635508717432, -2.7716081539)
4.2.5	(1.0220071615828, 0.7646367460432, -2.7720467506)	(1.0215279012828, 0.7651566592432, -2.7725344923)	(1.0220478143828, 0.7656359194432, -2.7720467506)	(1.0225270746828, 0.7651160063432, -2.771559009)
4.2.6	(1.0230561191828, 0.7641559989432, -2.7718329893)	(1.0224864660828, 0.7645749204432, -2.7723205326)	(1.0229053875828, 0.7651445736432, -2.7718329893)	(1.0234750406828, 0.7647256520432, -2.771345446)
4.2.7	(1.0238758876828, 0.7638083224432, -2.7711315519)	(1.0232033947828, 0.7635897973432, -2.7716266631)	(1.0234219198828, 0.7629173044431999, -2.7721217744)	(1.0240944127828, 0.7631358295432, -2.7716266631)

4.3.1	(1.0186570589828, 0.7711379551431999, -2.4402857993)	(1.0188611201828, 0.7704609330432, -2.4407855569)	(1.0181840980828, 0.7702568717432, -2.4412853145)	(1.0179800368828, 0.7709338938432, -2.4407855569)
4.3.2	(1.0181925740828, 0.7698948732431999, -2.4402038527)	(1.0181293005828, 0.7691906028432, -2.4407117215)	(1.0174250302828, 0.7692538763432, -2.4412195903)	(1.0174883036828, 0.7699581467432, -2.4407117215)
4.3.3	(1.0176235256828, 0.7700957832431999, -2.4406359113)	(1.0178218472828, 0.7707745092432, -2.4401242361)	(1.0171431213828, 0.7709728308432, -2.4406359113)	(1.0169447996828, 0.7702941049431999, -2.4411475865)
4.3.4	(1.0177225911828, 0.7689928218432, -2.4409492673)	(1.0177980548828, 0.7682897537432, -2.4414530204)	(1.0170949867828, 0.7682142900432, -2.4419567735)	(1.0170195230828, 0.7689173581432, -2.4414530204)
4.3.5	(1.0155816149828, 0.7706864225432, -2.4414616253)	(1.0151293226828, 0.7712299591432, -2.4419854362)	(1.0156728592828, 0.7716822513432, -2.4414616253)	(1.0161251515828, 0.7711387148432, -2.4409378144)
4.3.6	(1.0168206488828, 0.7708282099432, -2.440533484)	(1.0161934225828, 0.7711546868432, -2.4410495067)	(1.0165198993828, 0.7717819131432, -2.440533484)	(1.0171471257828, 0.7714554362432, -2.4400174614)
4.3.7	(1.0177806285828, 0.7714152129432, -2.4402065307)	(1.0172285700828, 0.7718570627432, -2.4407267725)	(1.0176704198828, 0.7724091212431999, -2.4402065307)	(1.0182224783828, 0.7719672714432, -2.4396862888)

4.4.1	(1.0239186300828, 0.7695650932432, -2.109463642)	(1.0237709963828, 0.7688735700432, -2.1099834589)	(1.0230794731828, 0.7690212037431999, -2.1105032758)	(1.0232271068828, 0.7697127268432, -2.1099834589)
4.4.2	(1.0233251902828, 0.7687359782432, -2.1096949461)	(1.0233121571827999, 0.7680289919432, -2.1102145148)	(1.0226051708828, 0.7680420249432, -2.1107340835)	(1.0226182038828, 0.7687490113432, -2.1102145148)
4.4.3	(1.0228273982828, 0.7694413347432, -2.1096971101)	(1.0225437715828, 0.7687936035432, -2.1102138524)	(1.0218960403828, 0.7690772303432, -2.1107305948)	(1.0221796670828, 0.7697249614432, -2.1102138524)
4.4.4	(1.0225367347828, 0.7677653847432, -2.110496663)	(1.0226666227828, 0.7670703097432, -2.1110200502)	(1.0219715477828, 0.7669404217432, -2.1115434374)	(1.0218416597828, 0.7676354967432, -2.1110200502)
4.4.5	(1.0217327275828, 0.7697299755432, -2.1099553253)	(1.0213278249828, 0.7691502736432, -2.1104709681)	(1.0207481230828, 0.7695551762432, -2.1109866109)	(1.0211530256828, 0.7701348781432, -2.1104709681)
4.4.6	(1.0217734009828, 0.7700415774432, -2.1103237219)	(1.0212831651828, 0.7705511545432, -2.1108376293)	(1.0217927423828, 0.7710413904432, -2.1103237219)	(1.0222829781828, 0.7705318132432, -2.1098098145)
4.4.7	(1.0235412783828, 0.7713283240432, -2.1099961274)	(1.0229467501828, 0.7709455234432, -2.1105080793)	(1.0225639496828, 0.7715400516431999, -2.1110200312)	(1.0231584778828, 0.7719228522432, -2.1105080793)
